0 0.49785714285714283 0.5021428571428571 0.9842857142857143 0.9957142857142857
1 0.205 0.3057142857142857 0.2985714285714286 0.10285714285714286
2 0.16142857142857142 0.4442857142857143 0.18285714285714286 0.05714285714285714
3 0.16071428571428573 0.5657142857142857 0.19857142857142857 0.06285714285714286
4 0.7992857142857143 0.7678571428571429 0.16714285714285715 0.07285714285714286
5 0.5057142857142857 0.7928571428571428 0.26571428571428574 0.16285714285714287
10 0.09071428571428572 0.10928571428571429 0.09857142857142857 0.17285714285714285
11 0.5214285714285715 0.4164285714285714 0.08285714285714285 0.09571428571428571
12 0.49785714285714283 0.07428571428571429 0.08428571428571428 0.06571428571428571
13 0.8064285714285714 0.5321428571428571 0.1957142857142857 0.33
14 0.15285714285714286 0.7921428571428571 0.09428571428571429 0.21285714285714286
