0 0.4992857142857143 0.5028571428571429 0.9928571428571429 0.9942857142857143
1 0.2257142857142857 0.3221428571428571 0.37714285714285717 0.10428571428571429
3 0.12785714285714286 0.5671428571428572 0.18714285714285714 0.06285714285714286
4 0.7807142857142857 0.7778571428571428 0.18142857142857144 0.05857142857142857
5 0.49357142857142855 0.7985714285714286 0.2671428571428571 0.14857142857142858
2 0.12571428571428572 0.45571428571428574 0.18 0.06
10 0.04928571428571429 0.13071428571428573 0.09 0.18428571428571427
11 0.49 0.42428571428571427 0.07428571428571429 0.1
12 0.4607142857142857 0.08357142857142857 0.09571428571428571 0.07571428571428572
13 0.7864285714285715 0.49142857142857144 0.19285714285714287 0.3028571428571429
14 0.13 0.7635714285714286 0.11142857142857143 0.19
