0 0.4142857142857143 0.44571428571428573 0.6542857142857142 0.49714285714285716
1 0.2507142857142857 0.35285714285714287 0.22428571428571428 0.05714285714285714
2 0.2007142857142857 0.4114285714285714 0.10428571428571429 0.03428571428571429
3 0.2 0.46714285714285714 0.11714285714285715 0.03142857142857143
4 0.6071428571428571 0.5785714285714286 0.10857142857142857 0.037142857142857144
5 0.4257142857142857 0.575 0.18857142857142858 0.08428571428571428
10 0.15928571428571428 0.2664285714285714 0.07285714285714286 0.08142857142857143
11 0.44142857142857145 0.40785714285714286 0.06 0.05285714285714286
12 0.4207142857142857 0.2542857142857143 0.05285714285714286 0.03428571428571429
13 0.6092857142857143 0.45285714285714285 0.10428571428571429 0.15142857142857144
14 0.19642857142857142 0.5757142857142857 0.05857142857142857 0.09142857142857143
