0 0.5064285714285715 0.5028571428571429 0.8385714285714285 0.3171428571428571
1 0.2692857142857143 0.4514285714285714 0.23285714285714285 0.037142857142857144
2 0.22642857142857142 0.49214285714285716 0.13857142857142857 0.02142857142857143
3 0.2292857142857143 0.5242857142857142 0.15 0.022857142857142857
4 0.7657142857142857 0.5957142857142858 0.13714285714285715 0.03142857142857143
5 0.5171428571428571 0.5935714285714285 0.20285714285714285 0.09
10 0.16642857142857143 0.39714285714285713 0.09 0.054285714285714284
11 0.5414285714285715 0.4828571428571429 0.06285714285714286 0.03428571428571429
12 0.5114285714285715 0.38285714285714284 0.06857142857142857 0.02857142857142857
13 0.7621428571428571 0.5164285714285715 0.1357142857142857 0.09285714285714286
14 0.21785714285714286 0.59 0.06714285714285714 0.06285714285714286
