0 0.5114285714285715 0.5042857142857143 0.9685714285714285 0.9657142857142857
1 0.245 0.33 0.30714285714285716 0.11142857142857143
2 0.1792857142857143 0.4585714285714286 0.17285714285714285 0.054285714285714284
3 0.15428571428571428 0.5578571428571428 0.13428571428571429 0.05285714285714286
4 0.795 0.7785714285714286 0.17857142857142858 0.07142857142857142
5 0.5321428571428571 0.7942857142857143 0.13285714285714287 0.21142857142857144
10 0.10285714285714286 0.14857142857142858 0.10857142857142857 0.16857142857142857
11 0.5414285714285715 0.43714285714285717 0.08285714285714285 0.08
12 0.5128571428571429 0.115 0.08857142857142856 0.06714285714285714
13 0.7878571428571428 0.5178571428571429 0.16142857142857142 0.30714285714285716
14 0.16785714285714284 0.7757142857142857 0.09571428571428571 0.22285714285714286
