0 0.5121428571428571 0.5685714285714286 0.8785714285714286 0.7457142857142857
1 0.2807142857142857 0.42928571428571427 0.2985714285714286 0.07571428571428572
3 0.22142857142857142 0.62 0.16857142857142857 0.04857142857142857
4 0.79 0.7735714285714286 0.14 0.047142857142857146
5 0.5278571428571428 0.7907142857142857 0.17857142857142858 0.13285714285714287
2 0.21857142857142858 0.5321428571428571 0.16857142857142857 0.041428571428571426
10 0.16642857142857143 0.29214285714285715 0.09857142857142857 0.12142857142857143
11 0.5471428571428572 0.5057142857142857 0.07714285714285714 0.07428571428571429
12 0.525 0.265 0.07857142857142857 0.055714285714285716
13 0.7942857142857143 0.5721428571428572 0.14857142857142858 0.2557142857142857
14 0.21285714285714286 0.7771428571428571 0.08857142857142856 0.1742857142857143
