0 0.5185714285714286 0.4607142857142857 0.9542857142857143 0.8557142857142858
1 0.2785714285714286 0.295 0.3342857142857143 0.09285714285714286
2 0.2092857142857143 0.41 0.18428571428571427 0.037142857142857144
3 0.2042857142857143 0.5121428571428571 0.17714285714285713 0.047142857142857146
4 0.8714285714285714 0.6935714285714286 0.17714285714285713 0.05
5 0.585 0.7192857142857143 0.2842857142857143 0.11857142857142858
10 0.13714285714285715 0.14142857142857143 0.12 0.15142857142857144
11 0.5871428571428572 0.3842857142857143 0.08 0.09714285714285714
12 0.5528571428571428 0.10285714285714286 0.08857142857142856 0.05714285714285714
13 0.8707142857142857 0.4757142857142857 0.1757142857142857 0.28
14 0.2007142857142857 0.7207142857142858 0.08428571428571428 0.2042857142857143
