0 0.5042857142857143 0.52 0.9657142857142857 0.96
1 0.26785714285714285 0.32571428571428573 0.31285714285714283 0.10285714285714286
3 0.19428571428571428 0.5657142857142857 0.19714285714285715 0.054285714285714284
2 0.19357142857142856 0.4542857142857143 0.1757142857142857 0.04857142857142857
4 0.8164285714285714 0.7228571428571429 0.16428571428571428 0.06
5 0.5478571428571428 0.7778571428571428 0.2785714285714286 0.17285714285714285
10 0.13714285714285715 0.16857142857142857 0.11428571428571428 0.15142857142857144
11 0.5442857142857143 0.4107142857142857 0.07714285714285714 0.10142857142857142
12 0.515 0.13357142857142856 0.07857142857142857 0.055714285714285716
13 0.7992857142857143 0.5007142857142857 0.17 0.2671428571428571
14 0.1742857142857143 0.8135714285714286 0.10571428571428572 0.22428571428571428
