0 0.49857142857142855 0.5428571428571428 0.9228571428571428 0.7828571428571428
1 0.24714285714285714 0.4064285714285714 0.3 0.09
2 0.18357142857142858 0.5135714285714286 0.15285714285714286 0.05
3 0.18928571428571428 0.6021428571428571 0.16714285714285715 0.041428571428571426
4 0.7771428571428571 0.7707142857142857 0.16285714285714287 0.05
5 0.5214285714285715 0.7864285714285715 0.19428571428571428 0.15857142857142856
10 0.11142857142857143 0.2542857142857143 0.11142857142857143 0.15714285714285714
11 0.5235714285714286 0.49357142857142855 0.07571428571428572 0.08142857142857143
12 0.49642857142857144 0.22285714285714286 0.09 0.05714285714285714
13 0.7907142857142857 0.5557142857142857 0.17285714285714285 0.24285714285714285
14 0.19 0.7592857142857142 0.07428571428571429 0.16142857142857142
