0 0.5 0.5657142857142857 0.5628571428571428 0.36857142857142855
1 0.37642857142857145 0.5007142857142857 0.21 0.04428571428571428
2 0.32 0.5471428571428572 0.09428571428571429 0.025714285714285714
3 0.3335714285714286 0.5864285714285714 0.12142857142857143 0.027142857142857142
4 0.6635714285714286 0.6707142857142857 0.09571428571428571 0.03
5 0.5071428571428571 0.6678571428571428 0.1657142857142857 0.07
10 0.28714285714285714 0.4357142857142857 0.06285714285714286 0.06
11 0.5178571428571429 0.5421428571428571 0.04428571428571428 0.04428571428571428
12 0.5064285714285715 0.4257142857142857 0.05285714285714286 0.03428571428571429
13 0.6671428571428571 0.5714285714285714 0.08857142857142856 0.12
14 0.315 0.6621428571428571 0.05285714285714286 0.07857142857142857
