0 0.5042857142857143 0.5014285714285714 0.9914285714285714 0.9714285714285714
1 0.1992857142857143 0.31142857142857144 0.28714285714285714 0.1
3 0.24785714285714286 0.5564285714285714 0.3985714285714286 0.06428571428571428
4 0.8192857142857143 0.7742857142857142 0.19285714285714287 0.06857142857142857
5 0.5042857142857143 0.7828571428571428 0.2885714285714286 0.16285714285714287
2 0.1442857142857143 0.4407142857142857 0.2057142857142857 0.05857142857142857
10 0.08071428571428571 0.12857142857142856 0.12142857142857143 0.17142857142857143
11 0.5257142857142857 0.41785714285714287 0.09142857142857143 0.09
12 0.505 0.09285714285714286 0.09285714285714286 0.08285714285714285
13 0.8192857142857143 0.53 0.19285714285714287 0.3057142857142857
14 0.13142857142857142 0.795 0.09714285714285714 0.21
