0 0.4692857142857143 0.5028571428571429 0.8957142857142857 0.9885714285714285
1 0.22642857142857142 0.32 0.2985714285714286 0.10571428571428572
2 0.17285714285714285 0.4592857142857143 0.17142857142857143 0.06142857142857143
3 0.17357142857142857 0.5842857142857143 0.17857142857142858 0.06
4 0.7635714285714286 0.8 0.17857142857142858 0.06571428571428571
5 0.5028571428571429 0.8092857142857143 0.2714285714285714 0.15571428571428572
10 0.09642857142857143 0.11428571428571428 0.11857142857142858 0.19714285714285715
11 0.515 0.435 0.08142857142857143 0.09857142857142857
12 0.4857142857142857 0.07571428571428572 0.08571428571428572 0.08285714285714285
13 0.7692857142857142 0.53 0.16428571428571428 0.3028571428571429
14 0.1742857142857143 0.8064285714285714 0.09428571428571429 0.20714285714285716
