0 0.5121428571428571 0.6721428571428572 0.9557142857142857 0.6357142857142857
1 0.19357142857142856 0.5664285714285714 0.1957142857142857 0.06428571428571428
2 0.18571428571428572 0.6492857142857142 0.16857142857142857 0.032857142857142856
3 0.2857142857142857 0.7164285714285714 0.35428571428571426 0.03571428571428571
4 0.8128571428571428 0.8264285714285714 0.16 0.04428571428571428
5 0.5371428571428571 0.8614285714285714 0.23142857142857143 0.14
10 0.11642857142857142 0.4442857142857143 0.11 0.11142857142857143
11 0.5471428571428572 0.62 0.08285714285714285 0.06571428571428571
12 0.5178571428571429 0.4114285714285714 0.07857142857142857 0.045714285714285714
13 0.8064285714285714 0.6678571428571428 0.16714285714285715 0.20714285714285716
14 0.19357142857142856 0.865 0.10714285714285714 0.12428571428571429
