0 0.4907142857142857 0.5892857142857143 0.9014285714285715 0.6157142857142858
1 0.2592857142857143 0.4735714285714286 0.3357142857142857 0.06428571428571428
3 0.18214285714285713 0.6242857142857143 0.16428571428571428 0.037142857142857144
4 0.7685714285714286 0.7571428571428571 0.15714285714285714 0.04857142857142857
5 0.5042857142857143 0.7657142857142857 0.26285714285714284 0.11714285714285715
2 0.1757142857142857 0.5535714285714286 0.17142857142857143 0.041428571428571426
10 0.11785714285714285 0.36642857142857144 0.10714285714285714 0.10428571428571429
11 0.5185714285714286 0.5428571428571428 0.07714285714285714 0.07142857142857142
12 0.4957142857142857 0.3485714285714286 0.08285714285714285 0.04
13 0.7721428571428571 0.605 0.18428571428571427 0.21
14 0.1757142857142857 0.7542857142857143 0.08285714285714285 0.12857142857142856
