0 0.5057142857142857 0.48857142857142855 0.8771428571428571 0.33714285714285713
1 0.26857142857142857 0.43142857142857144 0.2714285714285714 0.04
2 0.21285714285714286 0.4785714285714286 0.1457142857142857 0.022857142857142857
3 0.22285714285714286 0.5171428571428571 0.1457142857142857 0.025714285714285714
4 0.79 0.5892857142857143 0.13714285714285715 0.027142857142857142
5 0.5328571428571428 0.5885714285714285 0.2542857142857143 0.06285714285714286
10 0.135 0.36642857142857144 0.09857142857142857 0.07
11 0.5492857142857143 0.4657142857142857 0.07571428571428572 0.045714285714285714
12 0.51 0.3464285714285714 0.07142857142857142 0.032857142857142856
13 0.7828571428571428 0.49 0.1657142857142857 0.12571428571428572
14 0.22071428571428572 0.5921428571428572 0.09571428571428571 0.07571428571428572
