0 0.49214285714285716 0.49214285714285716 0.97 0.9642857142857143
1 0.23285714285714285 0.32071428571428573 0.32571428571428573 0.11285714285714285
2 0.16285714285714287 0.45 0.1742857142857143 0.05714285714285714
3 0.16142857142857142 0.5578571428571428 0.17714285714285713 0.055714285714285716
4 0.7942857142857143 0.7735714285714286 0.17142857142857143 0.06428571428571428
5 0.5142857142857142 0.7871428571428571 0.28285714285714286 0.12571428571428572
10 0.095 0.1357142857142857 0.12428571428571429 0.17714285714285713
11 0.53 0.4185714285714286 0.08571428571428572 0.08857142857142856
12 0.4992857142857143 0.06928571428571428 0.09285714285714286 0.07285714285714286
13 0.7964285714285714 0.5271428571428571 0.16714285714285715 0.32571428571428573
14 0.17142857142857143 0.795 0.09714285714285714 0.21857142857142858
