0 0.5357142857142857 0.5492857142857143 0.6314285714285715 0.7271428571428571
1 0.36142857142857143 0.42 0.18285714285714286 0.08
2 0.3271428571428571 0.5157142857142857 0.10571428571428572 0.045714285714285714
3 0.32857142857142857 0.5964285714285714 0.11142857142857143 0.047142857142857146
4 0.7292857142857143 0.7628571428571429 0.11285714285714285 0.054285714285714284
5 0.5457142857142857 0.7642857142857142 0.18571428571428572 0.13142857142857142
10 0.2814285714285714 0.28785714285714287 0.07714285714285714 0.13285714285714287
11 0.5521428571428572 0.5035714285714286 0.055714285714285716 0.07
12 0.5378571428571428 0.26571428571428574 0.055714285714285716 0.045714285714285714
13 0.7335714285714285 0.5785714285714286 0.09285714285714286 0.21142857142857144
14 0.3271428571428571 0.7542857142857143 0.06 0.15142857142857144
