0 0.5 0.49857142857142855 0.9514285714285714 0.9942857142857143
1 0.24285714285714285 0.31357142857142856 0.3314285714285714 0.11571428571428571
2 0.17 0.44357142857142856 0.16 0.05857142857142857
3 0.1742857142857143 0.5607142857142857 0.17714285714285713 0.05285714285714286
4 0.7957142857142857 0.7785714285714286 0.16857142857142857 0.06285714285714286
5 0.5292857142857142 0.7914285714285715 0.21571428571428572 0.15714285714285714
10 0.10428571428571429 0.12642857142857142 0.12571428571428572 0.19
11 0.5321428571428571 0.4257142857142857 0.07285714285714286 0.09142857142857143
12 0.5085714285714286 0.09857142857142857 0.08857142857142856 0.06857142857142857
13 0.8042857142857143 0.53 0.17714285714285713 0.3142857142857143
14 0.16714285714285715 0.7871428571428571 0.10571428571428572 0.20285714285714285
