1 0.23642857142857143 0.4328571428571429 0.29 0.05714285714285714
2 0.18 0.4992857142857143 0.17142857142857143 0.024285714285714285
3 0.285 0.5507142857142857 0.38142857142857145 0.03
4 0.8328571428571429 0.6435714285714286 0.14 0.03
5 0.5578571428571428 0.6528571428571428 0.2757142857142857 0.08285714285714285
0 0.5071428571428571 0.5242857142857142 0.9657142857142857 0.48857142857142855
10 0.10785714285714286 0.34285714285714286 0.13 0.08571428571428572
11 0.5535714285714286 0.475 0.08428571428571428 0.06142857142857143
12 0.52 0.3157142857142857 0.08571428571428572 0.045714285714285714
13 0.825 0.5057142857142857 0.17 0.16285714285714287
14 0.18357142857142858 0.6678571428571428 0.10428571428571429 0.12142857142857143
