0 0.5085714285714286 0.49142857142857144 0.7371428571428571 0.2742857142857143
1 0.34285714285714286 0.445 0.2885714285714286 0.03
2 0.2664285714285714 0.48142857142857143 0.12714285714285714 0.014285714285714285
3 0.27071428571428574 0.5135714285714286 0.12714285714285714 0.02142857142857143
4 0.7457142857142857 0.5685714285714286 0.11714285714285715 0.02857142857142857
5 0.5385714285714286 0.5692857142857143 0.20285714285714285 0.055714285714285716
10 0.21642857142857144 0.3942857142857143 0.09571428571428571 0.06
11 0.5435714285714286 0.47285714285714286 0.06428571428571428 0.04
12 0.5285714285714286 0.38142857142857145 0.06285714285714286 0.03142857142857143
13 0.745 0.485 0.11571428571428571 0.10142857142857142
14 0.27071428571428574 0.5714285714285714 0.07 0.06285714285714286
