0 0.44642857142857145 0.5271428571428571 0.8614285714285714 0.4142857142857143
1 0.22285714285714286 0.4542857142857143 0.31142857142857144 0.04
2 0.1442857142857143 0.5092857142857142 0.13714285714285715 0.024285714285714285
3 0.14714285714285713 0.56 0.15714285714285714 0.03142857142857143
4 0.7078571428571429 0.6528571428571428 0.15571428571428572 0.037142857142857144
5 0.45357142857142857 0.6535714285714286 0.19285714285714287 0.07285714285714286
10 0.09285714285714286 0.37642857142857145 0.10285714285714286 0.07571428571428572
11 0.4635714285714286 0.4992857142857143 0.07285714285714286 0.055714285714285716
12 0.4328571428571429 0.36142857142857143 0.07428571428571429 0.037142857142857144
13 0.7085714285714285 0.53 0.15142857142857144 0.14857142857142858
14 0.13857142857142857 0.6514285714285715 0.07428571428571429 0.10285714285714286
