0 0.475 0.5992857142857143 0.8985714285714286 0.5385714285714286
1 0.24428571428571427 0.5021428571428571 0.30857142857142855 0.06428571428571428
2 0.16857142857142857 0.5807142857142857 0.1457142857142857 0.03
3 0.17714285714285713 0.6464285714285715 0.1657142857142857 0.03571428571428571
4 0.7521428571428571 0.7571428571428571 0.16428571428571428 0.037142857142857144
5 0.49714285714285716 0.7735714285714286 0.2571428571428571 0.08428571428571428
10 0.11 0.39285714285714285 0.10571428571428572 0.10285714285714286
11 0.5042857142857143 0.5535714285714286 0.07428571428571429 0.07
12 0.4764285714285714 0.36714285714285716 0.08142857142857143 0.04285714285714286
13 0.745 0.6028571428571429 0.15285714285714286 0.20857142857142857
14 0.16142857142857142 0.7785714285714286 0.08571428571428572 0.13142857142857142
