0 0.49857142857142855 0.5 0.9228571428571428 0.9771428571428571
1 0.23785714285714285 0.315 0.28714285714285714 0.10428571428571429
2 0.1792857142857143 0.44642857142857145 0.15857142857142856 0.05857142857142857
3 0.27785714285714286 0.5578571428571428 0.37285714285714283 0.055714285714285716
4 0.7935714285714286 0.7621428571428571 0.15285714285714286 0.055714285714285716
5 0.5214285714285715 0.7857142857142857 0.28285714285714286 0.09714285714285714
10 0.11285714285714285 0.12857142857142856 0.10857142857142857 0.18
11 0.5314285714285715 0.4164285714285714 0.08 0.09857142857142857
12 0.49357142857142855 0.08571428571428572 0.09 0.06857142857142857
13 0.7942857142857143 0.48428571428571426 0.16 0.3514285714285714
14 0.17714285714285713 0.7857142857142857 0.09142857142857143 0.2057142857142857
