0 0.4992857142857143 0.4878571428571429 0.9928571428571429 0.6557142857142857
1 0.18357142857142858 0.3657142857142857 0.26142857142857145 0.08
2 0.1442857142857143 0.4514285714285714 0.18857142857142858 0.04285714285714286
3 0.14714285714285713 0.5292857142857142 0.18857142857142858 0.03857142857142857
4 0.8164285714285714 0.675 0.18142857142857144 0.04428571428571428
5 0.5214285714285715 0.6828571428571428 0.22857142857142856 0.13142857142857142
10 0.06714285714285714 0.23714285714285716 0.11142857142857143 0.13142857142857142
11 0.49642857142857144 0.21 0.08714285714285715 0.04857142857142857
13 0.8207142857142857 0.5021428571428571 0.17857142857142858 0.1957142857142857
14 0.14357142857142857 0.6778571428571428 0.09285714285714286 0.13
