0 0.5 0.5028571428571429 0.9742857142857143 0.9942857142857143
1 0.21285714285714286 0.29214285714285715 0.2714285714285714 0.10142857142857142
2 0.16714285714285715 0.4257142857142857 0.17142857142857143 0.06571428571428571
3 0.18285714285714286 0.5435714285714286 0.21714285714285714 0.06142857142857143
4 0.805 0.7835714285714286 0.16428571428571428 0.07
5 0.5114285714285715 0.7907142857142857 0.28 0.15
10 0.10214285714285715 0.09928571428571428 0.12142857142857143 0.18714285714285714
11 0.5342857142857143 0.41214285714285714 0.07428571428571429 0.10428571428571429
12 0.5042857142857143 0.07785714285714286 0.08571428571428572 0.07285714285714286
13 0.8107142857142857 0.49214285714285716 0.1757142857142857 0.37285714285714283
14 0.15357142857142858 0.7728571428571429 0.11571428571428571 0.21714285714285714
