0 0.49857142857142855 0.5178571428571429 0.8514285714285714 0.9414285714285714
1 0.3057142857142857 0.3578571428571429 0.3342857142857143 0.09857142857142857
2 0.21142857142857144 0.49214285714285716 0.15428571428571428 0.05857142857142857
3 0.215 0.5964285714285714 0.15571428571428572 0.06142857142857143
4 0.7628571428571429 0.7778571428571428 0.15714285714285714 0.06714285714285714
5 0.5157142857142857 0.815 0.26285714285714284 0.13857142857142857
10 0.15 0.18714285714285714 0.1 0.1657142857142857
11 0.5214285714285715 0.4514285714285714 0.07142857142857142 0.08857142857142856
12 0.4957142857142857 0.1442857142857143 0.07714285714285714 0.05714285714285714
13 0.7485714285714286 0.5314285714285715 0.13714285714285715 0.31142857142857144
14 0.21357142857142858 0.8242857142857143 0.08428571428571428 0.22285714285714286
