0 0.5007142857142857 0.49357142857142855 0.9985714285714286 0.8957142857142857
1 0.20714285714285716 0.31642857142857145 0.3142857142857143 0.09857142857142857
2 0.14357142857142857 0.44285714285714284 0.18714285714285714 0.05714285714285714
3 0.14785714285714285 0.5514285714285714 0.19285714285714287 0.045714285714285714
4 0.8385714285714285 0.7435714285714285 0.17714285714285713 0.047142857142857146
5 0.5378571428571428 0.7664285714285715 0.24142857142857144 0.16714285714285715
10 0.06857142857142857 0.13071428571428573 0.11714285714285715 0.16428571428571428
11 0.5485714285714286 0.42142857142857143 0.08571428571428572 0.09142857142857143
12 0.5235714285714286 0.09642857142857143 0.09 0.06428571428571428
13 0.8421428571428572 0.5328571428571428 0.2042857142857143 0.26857142857142857
14 0.14642857142857144 0.7664285714285715 0.09285714285714286 0.19
