0 0.465 0.5135714285714286 0.91 0.9585714285714285
1 0.21714285714285714 0.3485714285714286 0.2742857142857143 0.09428571428571429
2 0.17857142857142858 0.4878571428571429 0.1657142857142857 0.06428571428571428
3 0.18928571428571428 0.6078571428571429 0.18142857142857144 0.05857142857142857
4 0.7592857142857142 0.8021428571428572 0.15 0.05
5 0.5042857142857143 0.8214285714285714 0.26285714285714284 0.12285714285714286
10 0.09785714285714285 0.14857142857142858 0.13 0.18857142857142858
11 0.5135714285714286 0.45571428571428574 0.06714285714285714 0.09428571428571429
12 0.49 0.09428571428571429 0.09142857142857143 0.07428571428571429
13 0.7671428571428571 0.535 0.1457142857142857 0.35
14 0.19142857142857142 0.8228571428571428 0.09142857142857143 0.20857142857142857
