0 0.5007142857142857 0.49785714285714283 0.9985714285714286 0.9871428571428571
1 0.23142857142857143 0.2957142857142857 0.36857142857142855 0.10571428571428572
2 0.1392857142857143 0.4392857142857143 0.16142857142857142 0.06714285714285714
3 0.1407142857142857 0.5628571428571428 0.1757142857142857 0.06285714285714286
4 0.8157142857142857 0.795 0.1742857142857143 0.06714285714285714
5 0.5185714285714286 0.8285714285714286 0.3171428571428571 0.12857142857142856
10 0.06928571428571428 0.095 0.10142857142857142 0.18142857142857144
11 0.5242857142857142 0.4157142857142857 0.08857142857142856 0.09714285714285714
12 0.5014285714285714 0.05357142857142857 0.09714285714285714 0.06428571428571428
13 0.8242857142857143 0.49357142857142855 0.16857142857142857 0.36714285714285716
14 0.13714285714285715 0.7907142857142857 0.09428571428571429 0.22142857142857142
