0 0.49857142857142855 0.5064285714285715 0.98 0.9871428571428571
1 0.21857142857142858 0.31857142857142856 0.32571428571428573 0.11428571428571428
2 0.15857142857142856 0.4514285714285714 0.1657142857142857 0.06285714285714286
3 0.15928571428571428 0.5642857142857143 0.18428571428571427 0.06
4 0.8042857142857143 0.7892857142857143 0.1742857142857143 0.06714285714285714
5 0.5185714285714286 0.7992857142857143 0.2714285714285714 0.17857142857142858
10 0.08642857142857142 0.12785714285714286 0.11285714285714285 0.1757142857142857
11 0.5321428571428571 0.43642857142857144 0.07857142857142857 0.09571428571428571
12 0.5007142857142857 0.09142857142857143 0.09 0.06
13 0.8035714285714286 0.5185714285714286 0.17285714285714285 0.31142857142857144
14 0.15 0.7892857142857143 0.08857142857142856 0.20714285714285716
