0 0.4957142857142857 0.4992857142857143 0.9685714285714285 0.9757142857142858
1 0.23142857142857143 0.3364285714285714 0.3057142857142857 0.10142857142857142
2 0.1657142857142857 0.4685714285714286 0.17142857142857143 0.054285714285714284
3 0.17 0.5814285714285714 0.18857142857142858 0.05142857142857143
4 0.7935714285714286 0.79 0.17285714285714285 0.06285714285714286
5 0.5307142857142857 0.8021428571428572 0.2357142857142857 0.15
10 0.08714285714285715 0.13857142857142857 0.10285714285714286 0.19142857142857142
11 0.5264285714285715 0.44357142857142856 0.09285714285714286 0.09571428571428571
12 0.505 0.10071428571428571 0.09285714285714286 0.07
13 0.805 0.5442857142857143 0.15571428571428572 0.35714285714285715
14 0.1692857142857143 0.8042857142857143 0.08714285714285715 0.21714285714285714
