0 0.49714285714285716 0.4714285714285714 0.9628571428571429 0.3028571428571429
1 0.23142857142857143 0.42214285714285715 0.29714285714285715 0.03571428571428571
2 0.16285714285714287 0.46285714285714286 0.15428571428571428 0.02
3 0.18071428571428572 0.49714285714285716 0.19 0.017142857142857144
4 0.7842857142857143 0.5542857142857143 0.14857142857142858 0.02857142857142857
5 0.5064285714285715 0.5564285714285714 0.14142857142857143 0.06142857142857143
10 0.09214285714285714 0.3657142857142857 0.10142857142857142 0.05714285714285714
11 0.5157142857142857 0.45071428571428573 0.07428571428571429 0.04428571428571428
12 0.48 0.3507142857142857 0.07428571428571429 0.027142857142857142
13 0.7857142857142857 0.4685714285714286 0.16857142857142857 0.11714285714285715
14 0.16142857142857142 0.5607142857142857 0.08571428571428572 0.07571428571428572
