0 0.49714285714285716 0.4807142857142857 0.78 0.67
1 0.2857142857142857 0.3707142857142857 0.2571428571428571 0.06714285714285714
2 0.23714285714285716 0.46 0.14 0.04
3 0.28785714285714287 0.5335714285714286 0.2557142857142857 0.03571428571428571
4 0.7435714285714285 0.6678571428571428 0.13285714285714287 0.05
5 0.49 0.6785714285714286 0.11428571428571428 0.09428571428571429
10 0.18357142857142858 0.25142857142857145 0.09 0.11428571428571428
11 0.525 0.43785714285714283 0.06142857142857143 0.06714285714285714
12 0.4928571428571429 0.215 0.06571428571428571 0.05
13 0.74 0.4928571428571429 0.13142857142857142 0.24857142857142858
14 0.23357142857142857 0.7007142857142857 0.07571428571428572 0.12714285714285714
