0 0.5014285714285714 0.4957142857142857 0.9371428571428572 0.9742857142857143
1 0.26 0.29428571428571426 0.3485714285714286 0.10571428571428572
2 0.17785714285714285 0.4185714285714286 0.17 0.05714285714285714
3 0.17857142857142858 0.5292857142857142 0.18 0.06428571428571428
4 0.7921428571428571 0.7757142857142857 0.17 0.06
5 0.5064285714285715 0.7735714285714286 0.2985714285714286 0.11285714285714285
10 0.12928571428571428 0.12071428571428572 0.10714285714285714 0.16142857142857142
11 0.5357142857142857 0.42 0.08 0.09428571428571429
12 0.5128571428571429 0.09357142857142857 0.08571428571428572 0.06714285714285714
13 0.7964285714285714 0.5021428571428571 0.16142857142857142 0.3757142857142857
14 0.16714285714285715 0.7407142857142858 0.08571428571428572 0.20142857142857143
