0 0.49357142857142855 0.5307142857142857 0.63 0.6985714285714286
1 0.3242857142857143 0.40785714285714286 0.2057142857142857 0.07857142857142857
2 0.28214285714285714 0.5028571428571429 0.12428571428571429 0.03428571428571429
3 0.32571428571428573 0.5835714285714285 0.19714285714285715 0.047142857142857146
4 0.6885714285714286 0.7264285714285714 0.11714285714285715 0.047142857142857146
5 0.5164285714285715 0.7492857142857143 0.17 0.10428571428571429
10 0.24 0.2764285714285714 0.07428571428571429 0.13
11 0.515 0.4785714285714286 0.05285714285714286 0.07428571428571429
12 0.4942857142857143 0.245 0.06 0.05
13 0.685 0.5378571428571428 0.11 0.2557142857142857
14 0.275 0.7478571428571429 0.07 0.15285714285714286
