0 0.4764285714285714 0.5014285714285714 0.7728571428571429 0.8371428571428572
1 0.28285714285714286 0.34785714285714286 0.26571428571428574 0.08714285714285715
2 0.21857142857142858 0.45785714285714285 0.14857142857142858 0.047142857142857146
3 0.2735714285714286 0.5514285714285714 0.25285714285714284 0.04857142857142857
4 0.7014285714285714 0.735 0.14285714285714285 0.055714285714285716
5 0.48428571428571426 0.7528571428571429 0.22285714285714286 0.10285714285714286
10 0.16714285714285715 0.18714285714285714 0.08 0.1457142857142857
11 0.4907142857142857 0.43785714285714283 0.06714285714285714 0.08428571428571428
12 0.4685714285714286 0.15857142857142856 0.06857142857142857 0.054285714285714284
13 0.7057142857142857 0.5121428571428571 0.14 0.30142857142857143
14 0.20785714285714285 0.7507142857142857 0.07 0.17
