0 0.4407142857142857 0.5228571428571429 0.7185714285714285 0.8371428571428572
1 0.22214285714285714 0.3585714285714286 0.22428571428571428 0.08
2 0.18 0.4664285714285714 0.12857142857142856 0.05
3 0.18071428571428572 0.5585714285714286 0.13857142857142857 0.045714285714285714
4 0.6385714285714286 0.7435714285714285 0.13142857142857142 0.05
5 0.43714285714285717 0.7521428571428571 0.14285714285714285 0.15
10 0.14142857142857143 0.21142857142857144 0.08285714285714285 0.1457142857142857
11 0.4407142857142857 0.4471428571428571 0.06142857142857143 0.07714285714285714
12 0.43214285714285716 0.1742857142857143 0.07 0.05714285714285714
13 0.6457142857142857 0.5078571428571429 0.13142857142857142 0.31285714285714283
14 0.1757142857142857 0.7514285714285714 0.07428571428571429 0.16285714285714287
