0 0.5035714285714286 0.5307142857142857 0.8042857142857143 0.9385714285714286
1 0.27285714285714285 0.365 0.23714285714285716 0.09857142857142857
3 0.2785714285714286 0.595 0.22285714285714286 0.06714285714285714
2 0.24571428571428572 0.48642857142857143 0.15428571428571428 0.05857142857142857
4 0.76 0.8085714285714286 0.15142857142857144 0.05142857142857143
5 0.52 0.8121428571428572 0.23142857142857143 0.16428571428571428
10 0.17642857142857143 0.17714285714285713 0.09571428571428571 0.1742857142857143
11 0.5414285714285715 0.4764285714285714 0.06857142857142857 0.09
12 0.5221428571428571 0.1457142857142857 0.07571428571428572 0.07142857142857142
13 0.7635714285714286 0.5514285714285714 0.13857142857142857 0.32285714285714284
14 0.23857142857142857 0.7992857142857143 0.06857142857142857 0.15857142857142856
