0 0.4942857142857143 0.4664285714285714 0.9857142857142858 0.8642857142857143
1 0.23357142857142857 0.29714285714285715 0.36428571428571427 0.09428571428571429
2 0.13428571428571429 0.4135714285714286 0.1742857142857143 0.047142857142857146
3 0.19357142857142856 0.5028571428571429 0.2985714285714286 0.04
4 0.7957142857142857 0.7114285714285714 0.17142857142857143 0.054285714285714284
5 0.5 0.7171428571428572 0.3 0.13428571428571429
10 0.05928571428571429 0.13857142857142857 0.11571428571428571 0.1657142857142857
11 0.5128571428571429 0.3921428571428571 0.07714285714285714 0.08428571428571428
12 0.49142857142857144 0.09642857142857143 0.09714285714285714 0.05857142857142857
13 0.7964285714285714 0.5014285714285714 0.17285714285714285 0.2742857142857143
14 0.12714285714285714 0.7114285714285714 0.1 0.15142857142857144
