0 0.5285714285714286 0.5064285714285715 0.9085714285714286 0.8214285714285714
1 0.26285714285714284 0.34785714285714286 0.26 0.09571428571428571
2 0.21142857142857144 0.4514285714285714 0.16285714285714287 0.05142857142857143
3 0.21642857142857144 0.535 0.16142857142857142 0.047142857142857146
4 0.8092857142857143 0.74 0.15857142857142856 0.06
5 0.5378571428571428 0.7442857142857143 0.2785714285714286 0.13428571428571429
10 0.15357142857142858 0.19357142857142856 0.10714285714285714 0.14142857142857143
11 0.5685714285714286 0.4442857142857143 0.07714285714285714 0.08
12 0.5464285714285714 0.16857142857142857 0.08428571428571428 0.06285714285714286
13 0.8128571428571428 0.5385714285714286 0.15714285714285714 0.2714285714285714
14 0.2057142857142857 0.7271428571428571 0.09142857142857143 0.15714285714285714
