0 0.41 0.5307142857142857 0.7 0.79
1 0.19214285714285714 0.3792857142857143 0.19285714285714287 0.08714285714285715
2 0.1657142857142857 0.49142857142857144 0.15142857142857144 0.04
3 0.15285714285714286 0.5814285714285714 0.11714285714285715 0.04857142857142857
4 0.625 0.7564285714285715 0.1442857142857143 0.05
5 0.41214285714285714 0.7664285714285715 0.17 0.14142857142857143
10 0.11571428571428571 0.2292857142857143 0.08285714285714285 0.1442857142857143
11 0.41785714285714287 0.4692857142857143 0.05857142857142857 0.08428571428571428
12 0.4092857142857143 0.1992857142857143 0.07 0.055714285714285716
13 0.6242857142857143 0.5557142857142857 0.12285714285714286 0.24
14 0.15785714285714286 0.7657142857142857 0.07285714285714286 0.15428571428571428
