0 0.5 0.5021428571428571 0.9885714285714285 0.9957142857142857
1 0.21357142857142858 0.32142857142857145 0.31 0.12
2 0.16214285714285714 0.45785714285714285 0.20714285714285716 0.06428571428571428
3 0.15428571428571428 0.5692857142857143 0.17714285714285713 0.06142857142857143
4 0.8235714285714286 0.8042857142857143 0.17857142857142858 0.06
5 0.51 0.8071428571428572 0.3028571428571429 0.14857142857142858
10 0.07785714285714286 0.11928571428571429 0.11857142857142858 0.20142857142857143
11 0.54 0.44285714285714284 0.07714285714285714 0.1
12 0.5171428571428571 0.08642857142857142 0.1 0.07857142857142857
13 0.8414285714285714 0.535 0.17142857142857143 0.36428571428571427
14 0.16428571428571428 0.7742857142857142 0.09428571428571429 0.20285714285714285
