0 0.49857142857142855 0.425 0.9885714285714285 0.4957142857142857
1 0.2307142857142857 0.3392857142857143 0.31285714285714283 0.055714285714285716
2 0.17214285714285715 0.40714285714285714 0.18142857142857144 0.025714285714285714
3 0.23 0.45714285714285713 0.2885714285714286 0.025714285714285714
4 0.845 0.5678571428571428 0.17 0.03857142857142857
5 0.5514285714285714 0.5764285714285714 0.3028571428571429 0.06428571428571428
10 0.08357142857142857 0.24714285714285714 0.12142857142857143 0.09142857142857143
11 0.5614285714285714 0.39071428571428574 0.07428571428571429 0.055714285714285716
12 0.5214285714285715 0.21857142857142858 0.09428571428571429 0.037142857142857144
13 0.8485714285714285 0.43642857142857144 0.1742857142857143 0.16714285714285715
14 0.18428571428571427 0.5764285714285714 0.09428571428571429 0.10714285714285714
