0 0.5185714285714286 0.5385714285714286 0.5342857142857143 0.4342857142857143
1 0.3892857142857143 0.4592857142857143 0.1957142857142857 0.04428571428571428
2 0.34285714285714286 0.5178571428571429 0.09714285714285714 0.024285714285714285
3 0.3485714285714286 0.5678571428571428 0.10285714285714286 0.027142857142857142
4 0.6692857142857143 0.6471428571428571 0.09285714285714286 0.025714285714285714
5 0.52 0.6657142857142857 0.15428571428571428 0.07142857142857142
10 0.29928571428571427 0.37714285714285717 0.05857142857142857 0.08
11 0.5285714285714286 0.4992857142857143 0.045714285714285714 0.05
12 0.5078571428571429 0.3507142857142857 0.04428571428571428 0.03571428571428571
13 0.67 0.5328571428571428 0.08857142857142856 0.14857142857142858
14 0.34714285714285714 0.6607142857142857 0.054285714285714284 0.09
