0 0.49857142857142855 0.5064285714285715 0.9885714285714285 0.9871428571428571
1 0.195 0.32571428571428573 0.35 0.1
2 0.12285714285714286 0.46214285714285713 0.19714285714285715 0.06142857142857143
3 0.13214285714285715 0.5807142857142857 0.21 0.055714285714285716
4 0.8435714285714285 0.7742857142857142 0.15857142857142856 0.05142857142857143
5 0.5428571428571428 0.8085714285714286 0.3142857142857143 0.14857142857142858
10 0.05714285714285714 0.12071428571428572 0.09714285714285714 0.18428571428571427
11 0.5442857142857143 0.43 0.07714285714285714 0.1
12 0.5157142857142857 0.09071428571428572 0.09142857142857143 0.06714285714285714
13 0.84 0.4878571428571429 0.17714285714285713 0.33285714285714285
14 0.12428571428571429 0.8114285714285714 0.12571428571428572 0.19428571428571428
