0 0.49857142857142855 0.49785714285714283 0.9771428571428571 0.9928571428571429
1 0.24142857142857144 0.3057142857142857 0.35714285714285715 0.10857142857142857
3 0.15857142857142856 0.5614285714285714 0.18 0.054285714285714284
2 0.15142857142857144 0.445 0.17714285714285713 0.04428571428571428
4 0.7985714285714286 0.7864285714285715 0.16285714285714287 0.06142857142857143
5 0.5135714285714286 0.7971428571428572 0.2957142857142857 0.16
10 0.07428571428571429 0.11428571428571428 0.11714285714285715 0.18571428571428572
11 0.5328571428571428 0.42142857142857143 0.08 0.09714285714285714
12 0.49857142857142855 0.062142857142857146 0.09142857142857143 0.07571428571428572
13 0.7964285714285714 0.5535714285714286 0.17285714285714285 0.31
14 0.15142857142857144 0.8078571428571428 0.10285714285714286 0.21285714285714286
