0 0.5042857142857143 0.495 0.8285714285714286 0.93
1 0.24785714285714286 0.32571428571428573 0.22428571428571428 0.08285714285714285
2 0.2092857142857143 0.44642857142857145 0.15285714285714286 0.05
3 0.20714285714285716 0.5414285714285715 0.15428571428571428 0.05142857142857143
4 0.7507142857142857 0.7478571428571429 0.15571428571428572 0.06428571428571428
5 0.5007142857142857 0.7728571428571429 0.2557142857142857 0.09428571428571429
10 0.15357142857142858 0.16428571428571428 0.08714285714285715 0.15428571428571428
11 0.52 0.4135714285714286 0.07142857142857142 0.08142857142857143
13 0.7414285714285714 0.47214285714285714 0.1457142857142857 0.3242857142857143
14 0.1992857142857143 0.76 0.07571428571428572 0.2057142857142857
