0 0.4742857142857143 0.4664285714285714 0.8085714285714286 0.91
1 0.2692857142857143 0.3007142857142857 0.2642857142857143 0.09857142857142857
2 0.22 0.41714285714285715 0.15428571428571428 0.054285714285714284
3 0.22285714285714286 0.515 0.15714285714285714 0.05285714285714286
4 0.7242857142857143 0.7071428571428572 0.12857142857142856 0.06
5 0.5221428571428571 0.7357142857142858 0.17 0.18
10 0.15071428571428572 0.12428571428571429 0.09285714285714286 0.17142857142857143
11 0.5128571428571429 0.3921428571428571 0.06 0.08428571428571428
12 0.4857142857142857 0.08714285714285715 0.07428571428571429 0.06
13 0.7228571428571429 0.4607142857142857 0.12285714285714286 0.31
14 0.21571428571428572 0.7214285714285714 0.06857142857142857 0.16857142857142857
