0 0.49642857142857144 0.5014285714285714 0.9728571428571429 0.9685714285714285
1 0.2057142857142857 0.33214285714285713 0.25142857142857145 0.09571428571428571
2 0.16357142857142856 0.46285714285714286 0.15857142857142856 0.045714285714285714
3 0.16142857142857142 0.5678571428571428 0.17714285714285713 0.05
4 0.7978571428571428 0.7835714285714286 0.17 0.06714285714285714
5 0.5185714285714286 0.7957142857142857 0.24857142857142858 0.20285714285714285
10 0.08571428571428572 0.13357142857142856 0.10857142857142857 0.17285714285714285
11 0.53 0.435 0.08571428571428572 0.08714285714285715
12 0.49357142857142855 0.08071428571428571 0.09 0.06714285714285714
13 0.7985714285714286 0.5135714285714286 0.1657142857142857 0.37
14 0.16428571428571428 0.7935714285714286 0.08571428571428572 0.19857142857142857
