0 0.5114285714285715 0.5557142857142857 0.8257142857142857 0.7285714285714285
1 0.28285714285714286 0.435 0.2571428571428571 0.08428571428571428
2 0.24071428571428571 0.5307142857142857 0.13857142857142857 0.047142857142857146
3 0.24214285714285713 0.61 0.15285714285714286 0.03428571428571429
4 0.7742857142857142 0.7607142857142857 0.16285714285714287 0.047142857142857146
5 0.5285714285714286 0.7692857142857142 0.22285714285714286 0.12428571428571429
10 0.1707142857142857 0.29285714285714287 0.10714285714285714 0.13714285714285715
11 0.5521428571428572 0.5107142857142857 0.06428571428571428 0.07571428571428572
12 0.5185714285714286 0.2714285714285714 0.07142857142857142 0.054285714285714284
13 0.7757142857142857 0.55 0.14857142857142858 0.26285714285714284
14 0.23714285714285716 0.7557142857142857 0.08571428571428572 0.16
