0 0.485 0.5507142857142857 0.6328571428571429 0.7071428571428572
2 0.2714285714285714 0.5121428571428571 0.11428571428571428 0.041428571428571426
3 0.30857142857142855 0.5928571428571429 0.18571428571428572 0.04
4 0.6678571428571428 0.7392857142857143 0.11285714285714285 0.05285714285714286
5 0.4928571428571429 0.7521428571428571 0.17714285714285713 0.09
1 0.30428571428571427 0.41928571428571426 0.18571428571428572 0.06428571428571428
10 0.23357142857142857 0.2935714285714286 0.07 0.12142857142857143
11 0.4957142857142857 0.48857142857142855 0.05714285714285714 0.07142857142857142
12 0.48214285714285715 0.2642857142857143 0.055714285714285716 0.04857142857142857
13 0.6621428571428571 0.54 0.11857142857142858 0.2571428571428571
14 0.2671428571428571 0.7564285714285715 0.06 0.15
