0 0.45714285714285713 0.5378571428571428 0.7742857142857142 0.36142857142857143
1 0.24 0.47285714285714286 0.18857142857142858 0.037142857142857144
2 0.2092857142857143 0.5185714285714286 0.12714285714285714 0.02857142857142857
3 0.24642857142857144 0.5564285714285714 0.21571428571428572 0.024285714285714285
4 0.6792857142857143 0.635 0.12142857142857143 0.032857142857142856
5 0.4635714285714286 0.6371428571428571 0.1357142857142857 0.06571428571428571
10 0.1657142857142857 0.41 0.08571428571428572 0.06
11 0.4714285714285714 0.5114285714285715 0.05714285714285714 0.045714285714285714
12 0.4564285714285714 0.4 0.05857142857142857 0.037142857142857144
13 0.6821428571428572 0.5292857142857142 0.12714285714285714 0.12714285714285714
14 0.1957142857142857 0.6314285714285715 0.06857142857142857 0.08285714285714285
