0 0.5042857142857143 0.4992857142857143 0.9857142857142858 0.9957142857142857
1 0.2257142857142857 0.2814285714285714 0.3171428571428571 0.10285714285714286
2 0.16785714285714284 0.4157142857142857 0.18714285714285714 0.06571428571428571
3 0.1707142857142857 0.535 0.1957142857142857 0.055714285714285716
4 0.8364285714285714 0.76 0.18428571428571427 0.06
5 0.5421428571428571 0.7721428571428571 0.2785714285714286 0.15571428571428572
10 0.08642857142857142 0.09285714285714286 0.11571428571428571 0.18
11 0.5464285714285714 0.39285714285714285 0.08714285714285715 0.10285714285714286
12 0.5057142857142857 0.052142857142857144 0.08857142857142856 0.07285714285714286
13 0.83 0.4878571428571429 0.17714285714285713 0.3842857142857143
14 0.15714285714285714 0.7714285714285715 0.08285714285714285 0.21428571428571427
