0 0.5271428571428571 0.5028571428571429 0.7142857142857143 0.6114285714285714
1 0.3557142857142857 0.3921428571428571 0.24285714285714285 0.06142857142857143
2 0.30214285714285716 0.4764285714285714 0.11857142857142858 0.03
3 0.30214285714285716 0.5407142857142857 0.12428571428571429 0.027142857142857142
4 0.7457142857142857 0.6578571428571428 0.11428571428571428 0.03857142857142857
5 0.5514285714285714 0.67 0.18571428571428572 0.13428571428571429
10 0.245 0.28785714285714287 0.07857142857142857 0.11571428571428571
11 0.5592857142857143 0.45357142857142857 0.05285714285714286 0.05857142857142857
12 0.5364285714285715 0.255 0.06428571428571428 0.047142857142857146
13 0.7385714285714285 0.49357142857142855 0.12 0.20142857142857143
14 0.30214285714285716 0.6757142857142857 0.07285714285714286 0.12285714285714286
