0 0.5014285714285714 0.5021428571428571 0.9771428571428571 0.99
1 0.21357142857142858 0.3142857142857143 0.31 0.1
2 0.16071428571428573 0.4542857142857143 0.18428571428571427 0.054285714285714284
3 0.16428571428571428 0.565 0.19428571428571428 0.06142857142857143
4 0.8192857142857143 0.7785714285714286 0.18142857142857144 0.06
5 0.5185714285714286 0.7928571428571428 0.15714285714285714 0.17714285714285713
10 0.07714285714285714 0.12285714285714286 0.10857142857142857 0.18857142857142858
11 0.5307142857142857 0.42214285714285715 0.09285714285714286 0.09857142857142857
12 0.495 0.08214285714285714 0.09285714285714286 0.06428571428571428
13 0.8221428571428572 0.5142857142857142 0.18714285714285714 0.3485714285714286
14 0.15142857142857144 0.7985714285714286 0.11142857142857143 0.18857142857142858
