0 0.5157142857142857 0.48714285714285716 0.9257142857142857 0.9457142857142857
1 0.3107142857142857 0.2985714285714286 0.4157142857142857 0.09428571428571429
2 0.18785714285714286 0.43 0.14714285714285713 0.04857142857142857
3 0.19 0.5421428571428571 0.18285714285714286 0.05
4 0.7992857142857143 0.7092857142857143 0.16714285714285715 0.06714285714285714
5 0.5435714285714286 0.7464285714285714 0.17285714285714285 0.15571428571428572
10 0.12142857142857143 0.13642857142857143 0.10571428571428572 0.16142857142857142
11 0.53 0.3914285714285714 0.06571428571428571 0.08285714285714285
12 0.5007142857142857 0.08714285714285715 0.08142857142857143 0.06285714285714286
13 0.7835714285714286 0.44857142857142857 0.17285714285714285 0.35428571428571426
14 0.18357142857142858 0.76 0.09 0.19142857142857142
