0 0.51 0.5042857142857143 0.98 0.9742857142857143
1 0.2092857142857143 0.3221428571428571 0.27 0.10428571428571429
2 0.1657142857142857 0.4471428571428571 0.1657142857142857 0.05714285714285714
3 0.2664285714285714 0.5485714285714286 0.3842857142857143 0.05142857142857143
4 0.8107142857142857 0.7714285714285715 0.16428571428571428 0.05714285714285714
5 0.5285714285714286 0.7885714285714286 0.28 0.13142857142857142
10 0.09214285714285714 0.1392857142857143 0.11571428571428571 0.18142857142857144
11 0.5442857142857143 0.4278571428571429 0.08285714285714285 0.08428571428571428
12 0.5192857142857142 0.09928571428571428 0.09 0.07285714285714286
13 0.8135714285714286 0.5157142857142857 0.1757142857142857 0.35428571428571426
14 0.15928571428571428 0.7707142857142857 0.09857142857142857 0.19285714285714287
