0 0.5192857142857142 0.5628571428571428 0.55 0.6657142857142857
1 0.375 0.46 0.15 0.06857142857142857
2 0.35 0.5471428571428572 0.09714285714285714 0.037142857142857144
3 0.35214285714285715 0.6171428571428571 0.09857142857142857 0.03142857142857143
4 0.6921428571428572 0.7578571428571429 0.11571428571428571 0.047142857142857146
5 0.5385714285714286 0.7578571428571429 0.12 0.1442857142857143
10 0.30714285714285716 0.3442857142857143 0.05714285714285714 0.11428571428571428
11 0.5428571428571428 0.5242857142857142 0.045714285714285714 0.06285714285714286
12 0.5221428571428571 0.3057142857142857 0.055714285714285716 0.04
13 0.6842857142857143 0.5857142857142857 0.10285714285714286 0.2257142857142857
14 0.34785714285714286 0.77 0.055714285714285716 0.11428571428571428
