0 0.475 0.4857142857142857 0.85 0.8628571428571429
1 0.22357142857142856 0.3335714285714286 0.24142857142857144 0.08428571428571428
2 0.18357142857142858 0.4492857142857143 0.13857142857142857 0.055714285714285716
3 0.19214285714285714 0.5428571428571428 0.17 0.054285714285714284
4 0.7285714285714285 0.7228571428571429 0.15142857142857144 0.054285714285714284
5 0.47928571428571426 0.7378571428571429 0.26142857142857145 0.11285714285714285
10 0.12357142857142857 0.17142857142857143 0.09857142857142857 0.16
11 0.49357142857142855 0.42428571428571427 0.07285714285714286 0.08571428571428572
12 0.4742857142857143 0.13357142857142856 0.08857142857142856 0.05857142857142857
13 0.7314285714285714 0.49142857142857144 0.16285714285714287 0.33714285714285713
14 0.18071428571428572 0.7442857142857143 0.08428571428571428 0.15142857142857144
