0 0.4442857142857143 0.5121428571428571 0.7 0.8728571428571429
1 0.24928571428571428 0.355 0.2357142857142857 0.10142857142857142
2 0.2 0.47 0.12 0.06285714285714286
3 0.20285714285714285 0.5742857142857143 0.13714285714285715 0.04285714285714286
4 0.6514285714285715 0.755 0.12857142857142856 0.05285714285714286
5 0.4614285714285714 0.7707142857142857 0.20285714285714285 0.09857142857142857
10 0.15142857142857144 0.19214285714285714 0.07714285714285714 0.16428571428571428
11 0.4592857142857143 0.44642857142857145 0.06714285714285714 0.08428571428571428
12 0.43785714285714283 0.15357142857142858 0.07285714285714286 0.06142857142857143
13 0.655 0.5228571428571429 0.11857142857142858 0.3457142857142857
14 0.1957142857142857 0.7857142857142857 0.07428571428571429 0.18571428571428572
