1 0.21071428571428572 0.30714285714285716 0.31 0.1
2 0.145 0.44357142857142856 0.16714285714285715 0.06142857142857143
3 0.15 0.5628571428571428 0.19142857142857142 0.05142857142857143
4 0.8235714285714286 0.7657142857142857 0.19 0.06857142857142857
5 0.5107142857142857 0.7885714285714286 0.17857142857142858 0.19428571428571428
0 0.5028571428571429 0.5057142857142857 0.98 0.9742857142857143
10 0.08857142857142856 0.11928571428571429 0.1 0.1757142857142857
11 0.5292857142857142 0.4114285714285714 0.09285714285714286 0.09428571428571429
12 0.5071428571428571 0.06714285714285714 0.09142857142857143 0.06571428571428571
13 0.8207142857142857 0.47214285714285714 0.17 0.41285714285714287
14 0.14 0.8014285714285714 0.08857142857142856 0.2057142857142857
