0 0.5014285714285714 0.5142857142857142 0.9857142857142858 0.66
1 0.21428571428571427 0.3985714285714286 0.30857142857142855 0.06857142857142857
2 0.15 0.48714285714285716 0.1742857142857143 0.04
3 0.14714285714285713 0.5628571428571428 0.16857142857142857 0.04285714285714286
4 0.8214285714285714 0.6942857142857143 0.19428571428571428 0.04285714285714286
5 0.5235714285714286 0.7028571428571428 0.14714285714285713 0.10285714285714286
10 0.08714285714285715 0.27714285714285714 0.12285714285714286 0.11142857142857143
11 0.5264285714285715 0.46 0.09285714285714286 0.07714285714285714
12 0.49714285714285716 0.2392857142857143 0.08857142857142856 0.05
13 0.8192857142857143 0.5107142857142857 0.21571428571428572 0.2357142857142857
14 0.15214285714285714 0.7171428571428572 0.09857142857142857 0.13142857142857142
