0 0.495 0.48928571428571427 0.9642857142857143 0.9328571428571428
1 0.22785714285714287 0.3171428571428571 0.31857142857142856 0.10285714285714286
2 0.15357142857142858 0.4514285714285714 0.16428571428571428 0.05714285714285714
3 0.16285714285714287 0.5607142857142857 0.17714285714285713 0.05857142857142857
4 0.7785714285714286 0.7592857142857142 0.16857142857142857 0.06142857142857143
5 0.51 0.7792857142857142 0.19714285714285715 0.17
10 0.07785714285714286 0.13857142857142857 0.11 0.1742857142857143
11 0.5092857142857142 0.41714285714285715 0.09 0.1
12 0.4835714285714286 0.08642857142857142 0.09285714285714286 0.07
13 0.7907142857142857 0.4992857142857143 0.16142857142857142 0.3271428571428571
14 0.16142857142857142 0.7778571428571428 0.10285714285714286 0.18142857142857144
