0 0.4785714285714286 0.5392857142857143 0.6971428571428572 0.81
1 0.28785714285714287 0.3964285714285714 0.2357142857142857 0.08714285714285715
2 0.23857142857142857 0.5078571428571429 0.13142857142857142 0.047142857142857146
3 0.24 0.5971428571428572 0.15142857142857144 0.04857142857142857
4 0.6928571428571428 0.7642857142857142 0.12857142857142856 0.04857142857142857
5 0.4957142857142857 0.7778571428571428 0.21714285714285714 0.09857142857142857
10 0.185 0.24857142857142858 0.09285714285714286 0.14285714285714285
11 0.495 0.48214285714285715 0.05285714285714286 0.07571428571428572
12 0.47785714285714287 0.21642857142857144 0.06714285714285714 0.055714285714285716
13 0.6992857142857143 0.5435714285714286 0.13857142857142857 0.2985714285714286
14 0.2357142857142857 0.785 0.07428571428571429 0.16428571428571428
