0 0.5321428571428571 0.5771428571428572 0.5642857142857143 0.4742857142857143
1 0.37785714285714284 0.48714285714285716 0.1757142857142857 0.05714285714285714
2 0.345 0.5492857142857143 0.10142857142857142 0.032857142857142856
3 0.3442857142857143 0.6021428571428571 0.09714285714285714 0.027142857142857142
4 0.6892857142857143 0.7071428571428572 0.09285714285714286 0.03428571428571429
5 0.5285714285714286 0.7085714285714285 0.15714285714285714 0.09428571428571429
10 0.3157142857142857 0.3992857142857143 0.06 0.08142857142857143
11 0.5428571428571428 0.5392857142857143 0.045714285714285714 0.055714285714285716
12 0.5321428571428571 0.38785714285714284 0.05 0.032857142857142856
13 0.6885714285714286 0.5807142857142857 0.09428571428571429 0.16714285714285715
14 0.33714285714285713 0.71 0.054285714285714284 0.10285714285714286
