0 0.49857142857142855 0.4942857142857143 0.9828571428571429 0.9857142857142858
1 0.21714285714285714 0.30857142857142855 0.31142857142857144 0.1
2 0.15285714285714286 0.44285714285714284 0.18 0.06857142857142857
3 0.16142857142857142 0.5657142857142857 0.19714285714285715 0.045714285714285714
4 0.8128571428571428 0.7735714285714286 0.1657142857142857 0.06428571428571428
5 0.52 0.7957142857142857 0.3057142857142857 0.17142857142857143
10 0.07357142857142857 0.11928571428571429 0.12428571428571429 0.18428571428571427
11 0.5278571428571428 0.4142857142857143 0.07285714285714286 0.09714285714285714
12 0.495 0.08071428571428571 0.09285714285714286 0.07285714285714286
13 0.8135714285714286 0.505 0.1757142857142857 0.33
14 0.15142857142857144 0.8107142857142857 0.1 0.18428571428571427
