0 0.5 0.5028571428571429 0.9857142857142858 0.9942857142857143
1 0.22785714285714287 0.30857142857142855 0.33285714285714285 0.10571428571428572
2 0.15142857142857144 0.44357142857142856 0.18571428571428572 0.05285714285714286
3 0.15071428571428572 0.5542857142857143 0.18428571428571427 0.04857142857142857
4 0.8121428571428572 0.7971428571428572 0.18142857142857144 0.07142857142857142
5 0.5071428571428571 0.8164285714285714 0.3142857142857143 0.11571428571428571
10 0.07214285714285715 0.12357142857142857 0.11571428571428571 0.17857142857142858
11 0.5242857142857142 0.4157142857142857 0.08 0.09428571428571429
12 0.49642857142857144 0.07142857142857142 0.09571428571428571 0.06857142857142857
13 0.8014285714285714 0.5242857142857142 0.18285714285714286 0.34
14 0.1392857142857143 0.805 0.10142857142857142 0.19285714285714287
