0 0.49 0.5028571428571429 0.9457142857142857 0.4714285714285714
1 0.22285714285714286 0.42 0.28285714285714286 0.054285714285714284
2 0.15785714285714286 0.47928571428571426 0.15285714285714286 0.03
3 0.26 0.5335714285714286 0.3628571428571429 0.027142857142857142
4 0.7557142857142857 0.6378571428571429 0.16 0.03571428571428571
5 0.48928571428571427 0.6421428571428571 0.25285714285714284 0.07857142857142857
10 0.08928571428571429 0.3342857142857143 0.10428571428571429 0.08857142857142856
11 0.4957142857142857 0.47 0.07714285714285714 0.054285714285714284
12 0.47 0.315 0.08285714285714285 0.04428571428571428
13 0.7621428571428571 0.495 0.1757142857142857 0.1757142857142857
14 0.1492857142857143 0.6242857142857143 0.09571428571428571 0.08857142857142856
