0 0.5028571428571429 0.4735714285714286 0.9514285714285714 0.37
1 0.2857142857142857 0.42428571428571427 0.4114285714285714 0.04
2 0.17714285714285713 0.47214285714285714 0.15428571428571428 0.02142857142857143
3 0.175 0.5121428571428571 0.15285714285714286 0.02142857142857143
4 0.7814285714285715 0.5707142857142857 0.14857142857142858 0.03
5 0.5078571428571429 0.5792857142857143 0.17857142857142858 0.07857142857142857
10 0.115 0.3692857142857143 0.11 0.06428571428571428
11 0.52 0.45785714285714285 0.07142857142857142 0.04428571428571428
12 0.4942857142857143 0.34785714285714286 0.07428571428571429 0.03
13 0.7792857142857142 0.47285714285714286 0.1442857142857143 0.12
14 0.1792857142857143 0.5828571428571429 0.09 0.08
