0 0.5057142857142857 0.5471428571428572 0.6114285714285714 0.5457142857142857
1 0.35214285714285715 0.44285714285714284 0.17857142857142858 0.04857142857142857
2 0.32 0.5128571428571429 0.09714285714285714 0.03142857142857143
3 0.31285714285714283 0.57 0.09714285714285714 0.037142857142857144
4 0.6878571428571428 0.6928571428571428 0.10142857142857142 0.04285714285714286
5 0.5171428571428571 0.6957142857142857 0.17714285714285713 0.12
10 0.28214285714285714 0.3578571428571429 0.07 0.07857142857142857
11 0.5192857142857142 0.4992857142857143 0.041428571428571426 0.05
12 0.4992857142857143 0.3314285714285714 0.04428571428571428 0.037142857142857144
13 0.6671428571428571 0.5485714285714286 0.09142857142857143 0.1457142857142857
14 0.30642857142857144 0.7 0.05285714285714286 0.11142857142857143
