0 0.5028571428571429 0.48928571428571427 0.9057142857142857 0.9757142857142858
1 0.28714285714285714 0.31214285714285717 0.3314285714285714 0.11857142857142858
3 0.21357142857142858 0.5571428571428572 0.16714285714285715 0.05142857142857143
2 0.21142857142857144 0.4471428571428571 0.17714285714285713 0.054285714285714284
4 0.8064285714285714 0.7735714285714286 0.16714285714285715 0.05285714285714286
5 0.535 0.7957142857142857 0.23285714285714285 0.24
10 0.13428571428571429 0.125 0.10857142857142857 0.18428571428571427
11 0.5621428571428572 0.4228571428571429 0.07571428571428572 0.08857142857142856
12 0.5357142857142857 0.08071428571428571 0.08285714285714285 0.07
13 0.8014285714285714 0.5378571428571428 0.14857142857142858 0.2757142857142857
14 0.21285714285714286 0.7835714285714286 0.09714285714285714 0.19285714285714287
