0 0.5021428571428571 0.4928571428571429 0.9671428571428572 0.9685714285714285
1 0.25642857142857145 0.31142857142857144 0.30714285714285716 0.11714285714285715
2 0.18928571428571428 0.4471428571428571 0.17857142857142858 0.06857142857142857
3 0.19714285714285715 0.5607142857142857 0.18857142857142858 0.047142857142857146
4 0.8414285714285714 0.7742857142857142 0.16 0.05142857142857143
5 0.5671428571428572 0.7942857142857143 0.27714285714285714 0.17142857142857143
10 0.11 0.11071428571428571 0.12285714285714286 0.18142857142857144
11 0.58 0.4307142857142857 0.08571428571428572 0.09857142857142857
12 0.535 0.08642857142857142 0.08428571428571428 0.07
13 0.8564285714285714 0.5378571428571428 0.16428571428571428 0.2785714285714286
14 0.19357142857142856 0.7885714285714286 0.08428571428571428 0.1742857142857143
