0 0.5014285714285714 0.49357142857142855 0.9828571428571429 0.97
1 0.21285714285714286 0.315 0.3171428571428571 0.10428571428571429
2 0.15285714285714286 0.45285714285714285 0.17714285714285713 0.05714285714285714
3 0.21285714285714286 0.5585714285714286 0.29428571428571426 0.05142857142857143
5 0.5235714285714286 0.7871428571428571 0.21285714285714286 0.23714285714285716
10 0.07928571428571428 0.12714285714285714 0.12142857142857143 0.18571428571428572
11 0.5392857142857143 0.4228571428571429 0.09571428571428571 0.09714285714285714
12 0.5035714285714286 0.075 0.09285714285714286 0.07
13 0.8121428571428572 0.5407142857142857 0.16428571428571428 0.31
14 0.15142857142857144 0.805 0.08857142857142856 0.22142857142857142
