0 0.49357142857142855 0.48857142857142855 0.9642857142857143 0.9485714285714286
1 0.21428571428571427 0.32 0.28285714285714286 0.1
3 0.15 0.5614285714285714 0.13142857142857142 0.06285714285714286
4 0.7992857142857143 0.7807142857142857 0.1757142857142857 0.06142857142857143
5 0.5114285714285715 0.7864285714285715 0.30857142857142855 0.16428571428571428
2 0.16214285714285714 0.45571428571428574 0.18428571428571427 0.05714285714285714
10 0.08142857142857143 0.1407142857142857 0.11142857142857143 0.17
11 0.5314285714285715 0.42928571428571427 0.08285714285714285 0.09571428571428571
12 0.495 0.09571428571428571 0.09285714285714286 0.06857142857142857
13 0.8035714285714286 0.5085714285714286 0.16428571428571428 0.32571428571428573
14 0.165 0.7864285714285715 0.08142857142857143 0.2042857142857143
