0 0.5107142857142857 0.49785714285714283 0.97 0.9785714285714285
1 0.28785714285714287 0.29285714285714287 0.3985714285714286 0.09428571428571429
2 0.1692857142857143 0.4342857142857143 0.17285714285714285 0.06
3 0.18 0.5571428571428572 0.18571428571428572 0.06571428571428571
4 0.8285714285714286 0.7514285714285714 0.16857142857142857 0.06285714285714286
5 0.5464285714285714 0.7914285714285715 0.15571428571428572 0.17714285714285713
10 0.11428571428571428 0.12 0.11714285714285715 0.1742857142857143
11 0.5442857142857143 0.3985714285714286 0.08571428571428572 0.1
12 0.5107142857142857 0.06 0.08428571428571428 0.06571428571428571
13 0.8257142857142857 0.49785714285714283 0.19142857142857142 0.3242857142857143
14 0.17142857142857143 0.8021428571428572 0.08 0.21571428571428572
