0 0.49214285714285716 0.49785714285714283 0.8957142857142857 0.9842857142857143
1 0.24428571428571427 0.31 0.27714285714285714 0.10857142857142857
2 0.18785714285714286 0.44357142857142856 0.15285714285714286 0.05285714285714286
3 0.19857142857142857 0.5614285714285714 0.16857142857142857 0.06
4 0.7557142857142857 0.785 0.16 0.05857142857142857
5 0.4907142857142857 0.7992857142857143 0.14714285714285713 0.1957142857142857
10 0.12714285714285714 0.12214285714285714 0.10285714285714286 0.18142857142857144
11 0.5114285714285715 0.4235714285714286 0.07714285714285714 0.09857142857142857
12 0.49142857142857144 0.07785714285714286 0.08 0.06428571428571428
13 0.7571428571428571 0.5414285714285715 0.17142857142857143 0.30857142857142855
14 0.185 0.7964285714285714 0.08142857142857143 0.19857142857142857
