0 0.44142857142857145 0.47714285714285715 0.7628571428571429 0.9428571428571428
1 0.24142857142857144 0.35214285714285715 0.26571428571428574 0.09
2 0.19142857142857142 0.47785714285714287 0.13142857142857142 0.05285714285714286
3 0.20142857142857143 0.5692857142857143 0.14 0.047142857142857146
4 0.6921428571428572 0.705 0.1357142857142857 0.05857142857142857
5 0.4342857142857143 0.7478571428571429 0.17714285714285713 0.10428571428571429
10 0.12714285714285714 0.20357142857142857 0.09714285714285714 0.15
11 0.4614285714285714 0.41714285714285715 0.06857142857142857 0.08857142857142856
12 0.42928571428571427 0.125 0.07 0.05857142857142857
13 0.6871428571428572 0.49142857142857144 0.13714285714285715 0.25142857142857145
14 0.19642857142857142 0.7557142857142857 0.07571428571428572 0.18857142857142858
