0 0.4942857142857143 0.49857142857142855 0.9457142857142857 0.9571428571428572
1 0.2357142857142857 0.31642857142857145 0.2857142857142857 0.10142857142857142
2 0.18071428571428572 0.43857142857142856 0.15857142857142856 0.06
3 0.18571428571428572 0.5464285714285714 0.16 0.06142857142857143
4 0.7914285714285715 0.7735714285714286 0.16 0.06142857142857143
5 0.5164285714285715 0.7757142857142857 0.26142857142857145 0.13714285714285715
10 0.12714285714285714 0.12857142857142856 0.11428571428571428 0.17714285714285713
11 0.5335714285714286 0.43785714285714283 0.07 0.08428571428571428
12 0.5185714285714286 0.12642857142857142 0.08857142857142856 0.07285714285714286
13 0.8 0.5535714285714286 0.15142857142857144 0.25
14 0.17142857142857143 0.7528571428571429 0.08857142857142856 0.19142857142857142
