0 0.49714285714285716 0.5021428571428571 0.9914285714285714 0.9957142857142857
1 0.20142857142857143 0.31857142857142856 0.26285714285714284 0.11142857142857143
2 0.16857142857142857 0.455 0.1742857142857143 0.06714285714285714
3 0.16785714285714284 0.5735714285714286 0.2042857142857143 0.06428571428571428
4 0.8128571428571428 0.8192857142857143 0.16 0.07285714285714286
5 0.5171428571428571 0.8292857142857143 0.22 0.23
10 0.07428571428571429 0.105 0.12 0.18714285714285714
11 0.5457142857142857 0.4328571428571429 0.09142857142857143 0.09428571428571429
12 0.5128571428571429 0.062142857142857146 0.10285714285714286 0.08714285714285715
13 0.8121428571428572 0.5485714285714286 0.16142857142857142 0.32285714285714284
14 0.15928571428571428 0.8071428571428572 0.08714285714285715 0.21142857142857144
