0 0.4928571428571429 0.46714285714285714 0.9714285714285714 0.9257142857142857
1 0.22357142857142856 0.2807142857142857 0.2814285714285714 0.09571428571428571
2 0.17642857142857143 0.4064285714285714 0.16428571428571428 0.055714285714285716
3 0.17357142857142857 0.5171428571428571 0.18428571428571427 0.06285714285714286
4 0.7935714285714286 0.7192857142857143 0.15 0.047142857142857146
5 0.5292857142857142 0.7464285714285714 0.24142857142857144 0.19
10 0.09714285714285714 0.1 0.11714285714285715 0.18
11 0.5371428571428571 0.39357142857142857 0.08 0.08714285714285715
12 0.5092857142857142 0.07357142857142857 0.07857142857142857 0.07
13 0.8035714285714286 0.49714285714285716 0.15285714285714286 0.26
14 0.16785714285714284 0.7328571428571429 0.09 0.19428571428571428
