0 0.5064285714285715 0.5042857142857143 0.9785714285714285 0.9914285714285714
1 0.22357142857142856 0.3007142857142857 0.33 0.11285714285714285
2 0.15642857142857142 0.44285714285714284 0.1757142857142857 0.05142857142857143
3 0.15357142857142858 0.5671428571428572 0.18142857142857144 0.06285714285714286
4 0.8164285714285714 0.7992857142857143 0.18714285714285714 0.06142857142857143
5 0.525 0.8157142857142857 0.2557142857142857 0.2057142857142857
10 0.08714285714285715 0.10285714285714286 0.13142857142857142 0.18571428571428572
11 0.5278571428571428 0.41928571428571426 0.07571428571428572 0.09857142857142857
12 0.5078571428571429 0.060714285714285714 0.08714285714285715 0.06714285714285714
13 0.8207142857142857 0.5307142857142857 0.17857142857142858 0.30142857142857143
14 0.1442857142857143 0.8142857142857143 0.08571428571428572 0.18571428571428572
