0 0.5071428571428571 0.5007142857142857 0.9085714285714286 0.8728571428571429
1 0.23285714285714285 0.33714285714285713 0.26285714285714284 0.10285714285714286
2 0.19857142857142857 0.45357142857142857 0.16285714285714287 0.04428571428571428
3 0.26285714285714284 0.5564285714285714 0.3028571428571429 0.05285714285714286
4 0.785 0.7335714285714285 0.15 0.05285714285714286
5 0.5342857142857143 0.7507142857142857 0.16285714285714287 0.15857142857142856
10 0.12785714285714286 0.17214285714285715 0.11 0.17
11 0.5292857142857142 0.42928571428571427 0.07 0.08428571428571428
12 0.5014285714285714 0.14714285714285713 0.07714285714285714 0.06
13 0.7835714285714286 0.5342857142857143 0.15857142857142856 0.24571428571428572
14 0.19428571428571428 0.7578571428571429 0.10571428571428572 0.18714285714285714
