0 0.49 0.44285714285714284 0.7514285714285714 0.6542857142857142
1 0.3057142857142857 0.32571428571428573 0.27714285714285714 0.07428571428571429
2 0.23857142857142857 0.4135714285714286 0.13142857142857142 0.03857142857142857
3 0.24357142857142858 0.485 0.1442857142857143 0.05
4 0.7264285714285714 0.6378571428571429 0.13 0.041428571428571426
5 0.5078571428571429 0.6392857142857142 0.2042857142857143 0.11857142857142858
10 0.18071428571428572 0.20214285714285715 0.08428571428571428 0.11857142857142858
11 0.5257142857142857 0.40285714285714286 0.06571428571428571 0.06571428571428571
12 0.4992857142857143 0.17642857142857143 0.07 0.05857142857142857
13 0.7271428571428571 0.4714285714285714 0.13428571428571429 0.2
14 0.23357142857142857 0.6328571428571429 0.07285714285714286 0.14857142857142858
