0 0.5185714285714286 0.51 0.7828571428571428 0.8685714285714285
1 0.28785714285714287 0.35 0.24714285714285714 0.09428571428571429
2 0.24857142857142858 0.46785714285714286 0.14857142857142858 0.047142857142857146
3 0.23857142857142857 0.5678571428571428 0.13142857142857142 0.055714285714285716
4 0.7564285714285715 0.7507142857142857 0.12428571428571429 0.05
5 0.5285714285714286 0.775 0.20285714285714285 0.15571428571428572
10 0.19857142857142857 0.18214285714285713 0.09714285714285714 0.15857142857142856
11 0.5342857142857143 0.44 0.07428571428571429 0.08857142857142856
12 0.5185714285714286 0.15142857142857144 0.06857142857142857 0.06285714285714286
13 0.7557142857142857 0.5071428571428571 0.14857142857142858 0.26857142857142857
14 0.2507142857142857 0.7571428571428571 0.08142857142857143 0.18
