0 0.5 0.5007142857142857 0.9885714285714285 0.9928571428571429
1 0.2 0.31 0.28 0.11142857142857143
3 0.21642857142857144 0.5614285714285714 0.28714285714285714 0.07142857142857142
4 0.8092857142857143 0.7914285714285715 0.16714285714285715 0.06571428571428571
5 0.5228571428571429 0.8014285714285714 0.27714285714285714 0.2
2 0.15714285714285714 0.44642857142857145 0.18571428571428572 0.05
10 0.07642857142857143 0.12285714285714286 0.11571428571428571 0.18857142857142858
11 0.5385714285714286 0.4257142857142857 0.08285714285714285 0.09142857142857143
12 0.5035714285714286 0.07857142857142857 0.09285714285714286 0.08
13 0.8042857142857143 0.5428571428571428 0.19142857142857142 0.3142857142857143
14 0.15428571428571428 0.8014285714285714 0.08285714285714285 0.21142857142857144
