0 0.49857142857142855 0.5057142857142857 0.9857142857142858 0.9828571428571429
1 0.21714285714285714 0.2957142857142857 0.3028571428571429 0.09142857142857143
2 0.15928571428571428 0.4392857142857143 0.17857142857142858 0.05
3 0.16428571428571428 0.5657142857142857 0.18285714285714286 0.07142857142857142
4 0.8235714285714286 0.7778571428571428 0.17857142857142858 0.06428571428571428
5 0.5221428571428571 0.8107142857142857 0.24714285714285714 0.19
10 0.08785714285714286 0.11285714285714285 0.11857142857142858 0.18
11 0.5314285714285715 0.4092857142857143 0.08571428571428572 0.09571428571428571
12 0.49785714285714283 0.06428571428571428 0.08714285714285715 0.07142857142857142
13 0.8314285714285714 0.5357142857142857 0.2057142857142857 0.34285714285714286
14 0.1457142857142857 0.8078571428571428 0.10857142857142857 0.22142857142857142
